<center><a href="ex71.c">Actual source code: ex71.c</a></center><br>

<html>
<head> <link rel="canonical" href="http://www.mcs.anl.gov/petsc/petsc-current/src/ksp/ksp/examples/tutorials/ex71.c.html" />
<title></title>
<meta name="generator" content="c2html 0.9.4">
<meta name="date" content="2020-02-04T17:20:11+00:00">
</head>

<body bgcolor="#FFFFFF">
   <div id="version" align=right><b>petsc-3.12.4 2020-02-04</b></div>
   <div id="bugreport" align=right><a href="mailto:petsc-maint@mcs.anl.gov?subject=Typo or Error in Documentation &body=Please describe the typo or error in the documentation: petsc-3.12.4 v3.12.4 src/ksp/ksp/examples/tutorials/ex71.c.html "><small>Report Typos and Errors</small></a></div>
<pre width="80">
<a name="line1">  1: </a>static char help[] =  <font color="#666666">"This example illustrates the use of <a href="../../../../../docs/manualpages/PC/PCBDDC.html#PCBDDC">PCBDDC</a>/FETI-DP with 2D/3D <a href="../../../../../docs/manualpages/DMDA/DMDA.html#DMDA">DMDA</a>.\n\</font>
<a name="line2">  2: </a><font color="#666666">It solves the constant coefficient Poisson problem or the Elasticity problem \n\</font>
<a name="line3">  3: </a><font color="#666666">on a uniform grid of [0,cells_x] x [0,cells_y] x [0,cells_z]\n\n"</font>;

<a name="line5">  5: </a><font color="#B22222">/* Contributed by Wim Vanroose &lt;wim@vanroo.se&gt; */</font>

<a name="line7">  7: </a> #include <A href="../../../../../include/petscksp.h.html">&lt;petscksp.h&gt;</A>
<a name="line8">  8: </a> #include <A href="../../../../../include/petscpc.h.html">&lt;petscpc.h&gt;</A>
<a name="line9">  9: </a> #include <A href="../../../../../include/petscdm.h.html">&lt;petscdm.h&gt;</A>
<a name="line10"> 10: </a> #include <A href="../../../../../include/petscdmda.h.html">&lt;petscdmda.h&gt;</A>
<a name="line11"> 11: </a> #include <A href="../../../../../include/petscdmplex.h.html">&lt;petscdmplex.h&gt;</A>

<a name="line13"> 13: </a>static <a href="../../../../../docs/manualpages/Sys/PetscScalar.html#PetscScalar">PetscScalar</a> poiss_1D_emat[] = {
<a name="line14"> 14: </a>1.0000000000000000e+00, -1.0000000000000000e+00,
<a name="line15"> 15: </a>-1.0000000000000000e+00, 1.0000000000000000e+00
<a name="line16"> 16: </a>};
<a name="line17"> 17: </a>static <a href="../../../../../docs/manualpages/Sys/PetscScalar.html#PetscScalar">PetscScalar</a> poiss_2D_emat[] = {
<a name="line18"> 18: </a>6.6666666666666674e-01, -1.6666666666666666e-01, -1.6666666666666666e-01, -3.3333333333333337e-01,
<a name="line19"> 19: </a>-1.6666666666666666e-01, 6.6666666666666674e-01, -3.3333333333333337e-01, -1.6666666666666666e-01,
<a name="line20"> 20: </a>-1.6666666666666666e-01, -3.3333333333333337e-01, 6.6666666666666674e-01, -1.6666666666666666e-01,
<a name="line21"> 21: </a>-3.3333333333333337e-01, -1.6666666666666666e-01, -1.6666666666666666e-01, 6.6666666666666674e-01
<a name="line22"> 22: </a>};
<a name="line23"> 23: </a>static <a href="../../../../../docs/manualpages/Sys/PetscScalar.html#PetscScalar">PetscScalar</a> poiss_3D_emat[] = {
<a name="line24"> 24: </a>3.3333333333333348e-01, 0.0000000000000000e+00, 0.0000000000000000e+00, -8.3333333333333343e-02, 0.0000000000000000e+00, -8.3333333333333343e-02, -8.3333333333333343e-02, -8.3333333333333356e-02,
<a name="line25"> 25: </a>0.0000000000000000e+00, 3.3333333333333337e-01, -8.3333333333333343e-02, 0.0000000000000000e+00, -8.3333333333333343e-02, 0.0000000000000000e+00, -8.3333333333333356e-02, -8.3333333333333343e-02,
<a name="line26"> 26: </a>0.0000000000000000e+00, -8.3333333333333343e-02, 3.3333333333333337e-01, 0.0000000000000000e+00, -8.3333333333333343e-02, -8.3333333333333356e-02, 0.0000000000000000e+00, -8.3333333333333343e-02,
<a name="line27"> 27: </a>-8.3333333333333343e-02, 0.0000000000000000e+00, 0.0000000000000000e+00, 3.3333333333333348e-01, -8.3333333333333356e-02, -8.3333333333333343e-02, -8.3333333333333343e-02, 0.0000000000000000e+00,
<a name="line28"> 28: </a>0.0000000000000000e+00, -8.3333333333333343e-02, -8.3333333333333343e-02, -8.3333333333333356e-02, 3.3333333333333337e-01, 0.0000000000000000e+00, 0.0000000000000000e+00, -8.3333333333333343e-02,
<a name="line29"> 29: </a>-8.3333333333333343e-02, 0.0000000000000000e+00, -8.3333333333333356e-02, -8.3333333333333343e-02, 0.0000000000000000e+00, 3.3333333333333337e-01, -8.3333333333333343e-02, 0.0000000000000000e+00,
<a name="line30"> 30: </a>-8.3333333333333343e-02, -8.3333333333333356e-02, 0.0000000000000000e+00, -8.3333333333333343e-02, 0.0000000000000000e+00, -8.3333333333333343e-02, 3.3333333333333337e-01, 0.0000000000000000e+00,
<a name="line31"> 31: </a>-8.3333333333333356e-02, -8.3333333333333343e-02, -8.3333333333333343e-02, 0.0000000000000000e+00, -8.3333333333333343e-02, 0.0000000000000000e+00, 0.0000000000000000e+00, 3.3333333333333337e-01
<a name="line32"> 32: </a>};
<a name="line33"> 33: </a>static <a href="../../../../../docs/manualpages/Sys/PetscScalar.html#PetscScalar">PetscScalar</a> elast_1D_emat[] = {
<a name="line34"> 34: </a>3.0000000000000000e+00, -3.0000000000000000e+00,
<a name="line35"> 35: </a>-3.0000000000000000e+00, 3.0000000000000000e+00
<a name="line36"> 36: </a>};
<a name="line37"> 37: </a>static <a href="../../../../../docs/manualpages/Sys/PetscScalar.html#PetscScalar">PetscScalar</a> elast_2D_emat[] = {
<a name="line38"> 38: </a>1.3333333333333335e+00, 5.0000000000000000e-01, -8.3333333333333337e-01, 0.0000000000000000e+00, 1.6666666666666671e-01, 0.0000000000000000e+00, -6.6666666666666674e-01, -5.0000000000000000e-01,
<a name="line39"> 39: </a>5.0000000000000000e-01, 1.3333333333333335e+00, 0.0000000000000000e+00, 1.6666666666666671e-01, 0.0000000000000000e+00, -8.3333333333333337e-01, -5.0000000000000000e-01, -6.6666666666666674e-01,
<a name="line40"> 40: </a>-8.3333333333333337e-01, 0.0000000000000000e+00, 1.3333333333333335e+00, -5.0000000000000000e-01, -6.6666666666666674e-01, 5.0000000000000000e-01, 1.6666666666666674e-01, 0.0000000000000000e+00,
<a name="line41"> 41: </a>0.0000000000000000e+00, 1.6666666666666671e-01, -5.0000000000000000e-01, 1.3333333333333335e+00, 5.0000000000000000e-01, -6.6666666666666674e-01, 0.0000000000000000e+00, -8.3333333333333337e-01,
<a name="line42"> 42: </a>1.6666666666666671e-01, 0.0000000000000000e+00, -6.6666666666666674e-01, 5.0000000000000000e-01, 1.3333333333333335e+00, -5.0000000000000000e-01, -8.3333333333333337e-01, 0.0000000000000000e+00,
<a name="line43"> 43: </a>0.0000000000000000e+00, -8.3333333333333337e-01, 5.0000000000000000e-01, -6.6666666666666674e-01, -5.0000000000000000e-01, 1.3333333333333335e+00, 0.0000000000000000e+00, 1.6666666666666674e-01,
<a name="line44"> 44: </a>-6.6666666666666674e-01, -5.0000000000000000e-01, 1.6666666666666674e-01, 0.0000000000000000e+00, -8.3333333333333337e-01, 0.0000000000000000e+00, 1.3333333333333335e+00, 5.0000000000000000e-01,
<a name="line45"> 45: </a>-5.0000000000000000e-01, -6.6666666666666674e-01, 0.0000000000000000e+00, -8.3333333333333337e-01, 0.0000000000000000e+00, 1.6666666666666674e-01, 5.0000000000000000e-01, 1.3333333333333335e+00
<a name="line46"> 46: </a>};
<a name="line47"> 47: </a>static <a href="../../../../../docs/manualpages/Sys/PetscScalar.html#PetscScalar">PetscScalar</a> elast_3D_emat[] = {
<a name="line48"> 48: </a>5.5555555555555558e-01, 1.6666666666666666e-01, 1.6666666666666666e-01, -2.2222222222222232e-01, 0.0000000000000000e+00, 0.0000000000000000e+00, 1.1111111111111113e-01, 0.0000000000000000e+00, 8.3333333333333356e-02, -1.9444444444444442e-01, -1.6666666666666669e-01, 0.0000000000000000e+00, 1.1111111111111112e-01, 8.3333333333333356e-02, 0.0000000000000000e+00, -1.9444444444444445e-01, 0.0000000000000000e+00, -1.6666666666666669e-01, -2.7777777777777769e-02, 0.0000000000000000e+00, 0.0000000000000000e+00, -1.3888888888888887e-01, -8.3333333333333356e-02, -8.3333333333333356e-02,
<a name="line49"> 49: </a>1.6666666666666666e-01, 5.5555555555555558e-01, 1.6666666666666666e-01, 0.0000000000000000e+00, 1.1111111111111113e-01, 8.3333333333333356e-02, 0.0000000000000000e+00, -2.2222222222222232e-01, 0.0000000000000000e+00, -1.6666666666666669e-01, -1.9444444444444442e-01, 0.0000000000000000e+00, 8.3333333333333356e-02, 1.1111111111111112e-01, 0.0000000000000000e+00, 0.0000000000000000e+00, -2.7777777777777769e-02, 0.0000000000000000e+00, 0.0000000000000000e+00, -1.9444444444444445e-01, -1.6666666666666669e-01, -8.3333333333333356e-02, -1.3888888888888887e-01, -8.3333333333333356e-02,
<a name="line50"> 50: </a>1.6666666666666666e-01, 1.6666666666666666e-01, 5.5555555555555558e-01, 0.0000000000000000e+00, 8.3333333333333356e-02, 1.1111111111111112e-01, 8.3333333333333356e-02, 0.0000000000000000e+00, 1.1111111111111112e-01, 0.0000000000000000e+00, 0.0000000000000000e+00, -2.7777777777777769e-02, 0.0000000000000000e+00, 0.0000000000000000e+00, -2.2222222222222229e-01, -1.6666666666666669e-01, 0.0000000000000000e+00, -1.9444444444444445e-01, 0.0000000000000000e+00, -1.6666666666666669e-01, -1.9444444444444445e-01, -8.3333333333333356e-02, -8.3333333333333356e-02, -1.3888888888888887e-01,
<a name="line51"> 51: </a>-2.2222222222222232e-01, 0.0000000000000000e+00, 0.0000000000000000e+00, 5.5555555555555558e-01, -1.6666666666666666e-01, -1.6666666666666666e-01, -1.9444444444444442e-01, 1.6666666666666669e-01, 0.0000000000000000e+00, 1.1111111111111113e-01, 0.0000000000000000e+00, -8.3333333333333356e-02, -1.9444444444444445e-01, 0.0000000000000000e+00, 1.6666666666666669e-01, 1.1111111111111113e-01, -8.3333333333333356e-02, 0.0000000000000000e+00, -1.3888888888888887e-01, 8.3333333333333356e-02, 8.3333333333333356e-02, -2.7777777777777769e-02, 0.0000000000000000e+00, 0.0000000000000000e+00,
<a name="line52"> 52: </a>0.0000000000000000e+00, 1.1111111111111113e-01, 8.3333333333333356e-02, -1.6666666666666666e-01, 5.5555555555555558e-01, 1.6666666666666669e-01, 1.6666666666666669e-01, -1.9444444444444442e-01, 0.0000000000000000e+00, 0.0000000000000000e+00, -2.2222222222222229e-01, 0.0000000000000000e+00, 0.0000000000000000e+00, -2.7777777777777769e-02, 0.0000000000000000e+00, -8.3333333333333356e-02, 1.1111111111111112e-01, 0.0000000000000000e+00, 8.3333333333333356e-02, -1.3888888888888887e-01, -8.3333333333333356e-02, 0.0000000000000000e+00, -1.9444444444444448e-01, -1.6666666666666666e-01,
<a name="line53"> 53: </a>0.0000000000000000e+00, 8.3333333333333356e-02, 1.1111111111111112e-01, -1.6666666666666666e-01, 1.6666666666666669e-01, 5.5555555555555558e-01, 0.0000000000000000e+00, 0.0000000000000000e+00, -2.7777777777777769e-02, -8.3333333333333356e-02, 0.0000000000000000e+00, 1.1111111111111112e-01, 1.6666666666666669e-01, 0.0000000000000000e+00, -1.9444444444444445e-01, 0.0000000000000000e+00, 0.0000000000000000e+00, -2.2222222222222227e-01, 8.3333333333333356e-02, -8.3333333333333356e-02, -1.3888888888888887e-01, 0.0000000000000000e+00, -1.6666666666666666e-01, -1.9444444444444448e-01,
<a name="line54"> 54: </a>1.1111111111111113e-01, 0.0000000000000000e+00, 8.3333333333333356e-02, -1.9444444444444442e-01, 1.6666666666666669e-01, 0.0000000000000000e+00, 5.5555555555555569e-01, -1.6666666666666666e-01, 1.6666666666666669e-01, -2.2222222222222229e-01, 0.0000000000000000e+00, 0.0000000000000000e+00, -2.7777777777777769e-02, 0.0000000000000000e+00, 0.0000000000000000e+00, -1.3888888888888887e-01, 8.3333333333333356e-02, -8.3333333333333356e-02, 1.1111111111111112e-01, -8.3333333333333343e-02, 0.0000000000000000e+00, -1.9444444444444448e-01, 0.0000000000000000e+00, -1.6666666666666669e-01,
<a name="line55"> 55: </a>0.0000000000000000e+00, -2.2222222222222232e-01, 0.0000000000000000e+00, 1.6666666666666669e-01, -1.9444444444444442e-01, 0.0000000000000000e+00, -1.6666666666666666e-01, 5.5555555555555558e-01, -1.6666666666666669e-01, 0.0000000000000000e+00, 1.1111111111111113e-01, -8.3333333333333343e-02, 0.0000000000000000e+00, -1.9444444444444445e-01, 1.6666666666666669e-01, 8.3333333333333356e-02, -1.3888888888888887e-01, 8.3333333333333356e-02, -8.3333333333333343e-02, 1.1111111111111113e-01, 0.0000000000000000e+00, 0.0000000000000000e+00, -2.7777777777777769e-02, 0.0000000000000000e+00,
<a name="line56"> 56: </a>8.3333333333333356e-02, 0.0000000000000000e+00, 1.1111111111111112e-01, 0.0000000000000000e+00, 0.0000000000000000e+00, -2.7777777777777769e-02, 1.6666666666666669e-01, -1.6666666666666669e-01, 5.5555555555555558e-01, 0.0000000000000000e+00, -8.3333333333333343e-02, 1.1111111111111112e-01, 0.0000000000000000e+00, 1.6666666666666669e-01, -1.9444444444444445e-01, -8.3333333333333356e-02, 8.3333333333333356e-02, -1.3888888888888887e-01, 0.0000000000000000e+00, 0.0000000000000000e+00, -2.2222222222222227e-01, -1.6666666666666669e-01, 0.0000000000000000e+00, -1.9444444444444448e-01,
<a name="line57"> 57: </a>-1.9444444444444442e-01, -1.6666666666666669e-01, 0.0000000000000000e+00, 1.1111111111111113e-01, 0.0000000000000000e+00, -8.3333333333333356e-02, -2.2222222222222229e-01, 0.0000000000000000e+00, 0.0000000000000000e+00, 5.5555555555555558e-01, 1.6666666666666669e-01, -1.6666666666666666e-01, -1.3888888888888887e-01, -8.3333333333333356e-02, 8.3333333333333356e-02, -2.7777777777777769e-02, 0.0000000000000000e+00, 0.0000000000000000e+00, -1.9444444444444448e-01, 0.0000000000000000e+00, 1.6666666666666669e-01, 1.1111111111111112e-01, 8.3333333333333343e-02, 0.0000000000000000e+00,
<a name="line58"> 58: </a>-1.6666666666666669e-01, -1.9444444444444442e-01, 0.0000000000000000e+00, 0.0000000000000000e+00, -2.2222222222222229e-01, 0.0000000000000000e+00, 0.0000000000000000e+00, 1.1111111111111113e-01, -8.3333333333333343e-02, 1.6666666666666669e-01, 5.5555555555555558e-01, -1.6666666666666669e-01, -8.3333333333333356e-02, -1.3888888888888887e-01, 8.3333333333333356e-02, 0.0000000000000000e+00, -1.9444444444444448e-01, 1.6666666666666669e-01, 0.0000000000000000e+00, -2.7777777777777769e-02, 0.0000000000000000e+00, 8.3333333333333343e-02, 1.1111111111111112e-01, 0.0000000000000000e+00,
<a name="line59"> 59: </a>0.0000000000000000e+00, 0.0000000000000000e+00, -2.7777777777777769e-02, -8.3333333333333356e-02, 0.0000000000000000e+00, 1.1111111111111112e-01, 0.0000000000000000e+00, -8.3333333333333343e-02, 1.1111111111111112e-01, -1.6666666666666666e-01, -1.6666666666666669e-01, 5.5555555555555558e-01, 8.3333333333333356e-02, 8.3333333333333356e-02, -1.3888888888888887e-01, 0.0000000000000000e+00, 1.6666666666666669e-01, -1.9444444444444448e-01, 1.6666666666666669e-01, 0.0000000000000000e+00, -1.9444444444444448e-01, 0.0000000000000000e+00, 0.0000000000000000e+00, -2.2222222222222227e-01,
<a name="line60"> 60: </a>1.1111111111111112e-01, 8.3333333333333356e-02, 0.0000000000000000e+00, -1.9444444444444445e-01, 0.0000000000000000e+00, 1.6666666666666669e-01, -2.7777777777777769e-02, 0.0000000000000000e+00, 0.0000000000000000e+00, -1.3888888888888887e-01, -8.3333333333333356e-02, 8.3333333333333356e-02, 5.5555555555555569e-01, 1.6666666666666669e-01, -1.6666666666666669e-01, -2.2222222222222227e-01, 0.0000000000000000e+00, 0.0000000000000000e+00, 1.1111111111111112e-01, 0.0000000000000000e+00, -8.3333333333333343e-02, -1.9444444444444448e-01, -1.6666666666666669e-01, 0.0000000000000000e+00,
<a name="line61"> 61: </a>8.3333333333333356e-02, 1.1111111111111112e-01, 0.0000000000000000e+00, 0.0000000000000000e+00, -2.7777777777777769e-02, 0.0000000000000000e+00, 0.0000000000000000e+00, -1.9444444444444445e-01, 1.6666666666666669e-01, -8.3333333333333356e-02, -1.3888888888888887e-01, 8.3333333333333356e-02, 1.6666666666666669e-01, 5.5555555555555558e-01, -1.6666666666666669e-01, 0.0000000000000000e+00, 1.1111111111111112e-01, -8.3333333333333343e-02, 0.0000000000000000e+00, -2.2222222222222227e-01, 0.0000000000000000e+00, -1.6666666666666669e-01, -1.9444444444444448e-01, 0.0000000000000000e+00,
<a name="line62"> 62: </a>0.0000000000000000e+00, 0.0000000000000000e+00, -2.2222222222222229e-01, 1.6666666666666669e-01, 0.0000000000000000e+00, -1.9444444444444445e-01, 0.0000000000000000e+00, 1.6666666666666669e-01, -1.9444444444444445e-01, 8.3333333333333356e-02, 8.3333333333333356e-02, -1.3888888888888887e-01, -1.6666666666666669e-01, -1.6666666666666669e-01, 5.5555555555555558e-01, 0.0000000000000000e+00, -8.3333333333333343e-02, 1.1111111111111113e-01, -8.3333333333333343e-02, 0.0000000000000000e+00, 1.1111111111111113e-01, 0.0000000000000000e+00, 0.0000000000000000e+00, -2.7777777777777769e-02,
<a name="line63"> 63: </a>-1.9444444444444445e-01, 0.0000000000000000e+00, -1.6666666666666669e-01, 1.1111111111111113e-01, -8.3333333333333356e-02, 0.0000000000000000e+00, -1.3888888888888887e-01, 8.3333333333333356e-02, -8.3333333333333356e-02, -2.7777777777777769e-02, 0.0000000000000000e+00, 0.0000000000000000e+00, -2.2222222222222227e-01, 0.0000000000000000e+00, 0.0000000000000000e+00, 5.5555555555555558e-01, -1.6666666666666669e-01, 1.6666666666666669e-01, -1.9444444444444448e-01, 1.6666666666666669e-01, 0.0000000000000000e+00, 1.1111111111111112e-01, 0.0000000000000000e+00, 8.3333333333333343e-02,
<a name="line64"> 64: </a>0.0000000000000000e+00, -2.7777777777777769e-02, 0.0000000000000000e+00, -8.3333333333333356e-02, 1.1111111111111112e-01, 0.0000000000000000e+00, 8.3333333333333356e-02, -1.3888888888888887e-01, 8.3333333333333356e-02, 0.0000000000000000e+00, -1.9444444444444448e-01, 1.6666666666666669e-01, 0.0000000000000000e+00, 1.1111111111111112e-01, -8.3333333333333343e-02, -1.6666666666666669e-01, 5.5555555555555558e-01, -1.6666666666666666e-01, 1.6666666666666669e-01, -1.9444444444444448e-01, 0.0000000000000000e+00, 0.0000000000000000e+00, -2.2222222222222227e-01, 0.0000000000000000e+00,
<a name="line65"> 65: </a>-1.6666666666666669e-01, 0.0000000000000000e+00, -1.9444444444444445e-01, 0.0000000000000000e+00, 0.0000000000000000e+00, -2.2222222222222227e-01, -8.3333333333333356e-02, 8.3333333333333356e-02, -1.3888888888888887e-01, 0.0000000000000000e+00, 1.6666666666666669e-01, -1.9444444444444448e-01, 0.0000000000000000e+00, -8.3333333333333343e-02, 1.1111111111111113e-01, 1.6666666666666669e-01, -1.6666666666666666e-01, 5.5555555555555558e-01, 0.0000000000000000e+00, 0.0000000000000000e+00, -2.7777777777777769e-02, 8.3333333333333343e-02, 0.0000000000000000e+00, 1.1111111111111113e-01,
<a name="line66"> 66: </a>-2.7777777777777769e-02, 0.0000000000000000e+00, 0.0000000000000000e+00, -1.3888888888888887e-01, 8.3333333333333356e-02, 8.3333333333333356e-02, 1.1111111111111112e-01, -8.3333333333333343e-02, 0.0000000000000000e+00, -1.9444444444444448e-01, 0.0000000000000000e+00, 1.6666666666666669e-01, 1.1111111111111112e-01, 0.0000000000000000e+00, -8.3333333333333343e-02, -1.9444444444444448e-01, 1.6666666666666669e-01, 0.0000000000000000e+00, 5.5555555555555558e-01, -1.6666666666666669e-01, -1.6666666666666669e-01, -2.2222222222222227e-01, 0.0000000000000000e+00, 0.0000000000000000e+00,
<a name="line67"> 67: </a>0.0000000000000000e+00, -1.9444444444444445e-01, -1.6666666666666669e-01, 8.3333333333333356e-02, -1.3888888888888887e-01, -8.3333333333333356e-02, -8.3333333333333343e-02, 1.1111111111111113e-01, 0.0000000000000000e+00, 0.0000000000000000e+00, -2.7777777777777769e-02, 0.0000000000000000e+00, 0.0000000000000000e+00, -2.2222222222222227e-01, 0.0000000000000000e+00, 1.6666666666666669e-01, -1.9444444444444448e-01, 0.0000000000000000e+00, -1.6666666666666669e-01, 5.5555555555555558e-01, 1.6666666666666669e-01, 0.0000000000000000e+00, 1.1111111111111112e-01, 8.3333333333333343e-02,
<a name="line68"> 68: </a>0.0000000000000000e+00, -1.6666666666666669e-01, -1.9444444444444445e-01, 8.3333333333333356e-02, -8.3333333333333356e-02, -1.3888888888888887e-01, 0.0000000000000000e+00, 0.0000000000000000e+00, -2.2222222222222227e-01, 1.6666666666666669e-01, 0.0000000000000000e+00, -1.9444444444444448e-01, -8.3333333333333343e-02, 0.0000000000000000e+00, 1.1111111111111113e-01, 0.0000000000000000e+00, 0.0000000000000000e+00, -2.7777777777777769e-02, -1.6666666666666669e-01, 1.6666666666666669e-01, 5.5555555555555558e-01, 0.0000000000000000e+00, 8.3333333333333343e-02, 1.1111111111111113e-01,
<a name="line69"> 69: </a>-1.3888888888888887e-01, -8.3333333333333356e-02, -8.3333333333333356e-02, -2.7777777777777769e-02, 0.0000000000000000e+00, 0.0000000000000000e+00, -1.9444444444444448e-01, 0.0000000000000000e+00, -1.6666666666666669e-01, 1.1111111111111112e-01, 8.3333333333333343e-02, 0.0000000000000000e+00, -1.9444444444444448e-01, -1.6666666666666669e-01, 0.0000000000000000e+00, 1.1111111111111112e-01, 0.0000000000000000e+00, 8.3333333333333343e-02, -2.2222222222222227e-01, 0.0000000000000000e+00, 0.0000000000000000e+00, 5.5555555555555558e-01, 1.6666666666666669e-01, 1.6666666666666669e-01,
<a name="line70"> 70: </a>-8.3333333333333356e-02, -1.3888888888888887e-01, -8.3333333333333356e-02, 0.0000000000000000e+00, -1.9444444444444448e-01, -1.6666666666666666e-01, 0.0000000000000000e+00, -2.7777777777777769e-02, 0.0000000000000000e+00, 8.3333333333333343e-02, 1.1111111111111112e-01, 0.0000000000000000e+00, -1.6666666666666669e-01, -1.9444444444444448e-01, 0.0000000000000000e+00, 0.0000000000000000e+00, -2.2222222222222227e-01, 0.0000000000000000e+00, 0.0000000000000000e+00, 1.1111111111111112e-01, 8.3333333333333343e-02, 1.6666666666666669e-01, 5.5555555555555558e-01, 1.6666666666666669e-01,
<a name="line71"> 71: </a>-8.3333333333333356e-02, -8.3333333333333356e-02, -1.3888888888888887e-01, 0.0000000000000000e+00, -1.6666666666666666e-01, -1.9444444444444448e-01, -1.6666666666666669e-01, 0.0000000000000000e+00, -1.9444444444444448e-01, 0.0000000000000000e+00, 0.0000000000000000e+00, -2.2222222222222227e-01, 0.0000000000000000e+00, 0.0000000000000000e+00, -2.7777777777777769e-02, 8.3333333333333343e-02, 0.0000000000000000e+00, 1.1111111111111113e-01, 0.0000000000000000e+00, 8.3333333333333343e-02, 1.1111111111111113e-01, 1.6666666666666669e-01, 1.6666666666666669e-01, 5.5555555555555558e-01
<a name="line72"> 72: </a>};

<a name="line74"> 74: </a><font color="#4169E1">typedef</font> <font color="#4169E1">enum</font> {PDE_POISSON, PDE_ELASTICITY} PDEType;

<a name="line76"> 76: </a><font color="#4169E1">typedef</font> <font color="#4169E1">struct</font> {
<a name="line77"> 77: </a>  PDEType      pde;
<a name="line78"> 78: </a>  <a href="../../../../../docs/manualpages/Sys/PetscInt.html#PetscInt">PetscInt</a>     dim;
<a name="line79"> 79: </a>  <a href="../../../../../docs/manualpages/Sys/PetscInt.html#PetscInt">PetscInt</a>     dof;
<a name="line80"> 80: </a>  <a href="../../../../../docs/manualpages/Sys/PetscInt.html#PetscInt">PetscInt</a>     cells[3];
<a name="line81"> 81: </a>  <a href="../../../../../docs/manualpages/Sys/PetscBool.html#PetscBool">PetscBool</a>    useglobal;
<a name="line82"> 82: </a>  <a href="../../../../../docs/manualpages/Sys/PetscBool.html#PetscBool">PetscBool</a>    dirbc;
<a name="line83"> 83: </a>  <a href="../../../../../docs/manualpages/Sys/PetscBool.html#PetscBool">PetscBool</a>    per[3];
<a name="line84"> 84: </a>  <a href="../../../../../docs/manualpages/Sys/PetscBool.html#PetscBool">PetscBool</a>    test;
<a name="line85"> 85: </a>  <a href="../../../../../docs/manualpages/Sys/PetscScalar.html#PetscScalar">PetscScalar</a> *elemMat;
<a name="line86"> 86: </a>  <a href="../../../../../docs/manualpages/Sys/PetscBool.html#PetscBool">PetscBool</a>    use_composite_pc;
<a name="line87"> 87: </a>  <a href="../../../../../docs/manualpages/Sys/PetscBool.html#PetscBool">PetscBool</a>    random_initial_guess;
<a name="line88"> 88: </a>  <a href="../../../../../docs/manualpages/Sys/PetscBool.html#PetscBool">PetscBool</a>    random_real;
<a name="line89"> 89: </a>} AppCtx;

<a name="line91"> 91: </a><strong><font color="#4169E1"><a name="ProcessOptions"></a>static <a href="../../../../../docs/manualpages/Sys/PetscErrorCode.html#PetscErrorCode">PetscErrorCode</a> ProcessOptions(<a href="../../../../../docs/manualpages/Sys/MPI_Comm.html#MPI_Comm">MPI_Comm</a> comm, AppCtx *options)</font></strong>
<a name="line92"> 92: </a>{
<a name="line93"> 93: </a>  const char    *pdeTypes[2] = {<font color="#666666">"Poisson"</font>, <font color="#666666">"Elasticity"</font>};
<a name="line94"> 94: </a>  <a href="../../../../../docs/manualpages/Sys/PetscInt.html#PetscInt">PetscInt</a>       n,pde;

<a name="line98"> 98: </a>  options-&gt;pde       = PDE_POISSON;
<a name="line99"> 99: </a>  options-&gt;elemMat   = NULL;
<a name="line100">100: </a>  options-&gt;dim       = 1;
<a name="line101">101: </a>  options-&gt;cells[0]  = 8;
<a name="line102">102: </a>  options-&gt;cells[1]  = 6;
<a name="line103">103: </a>  options-&gt;cells[2]  = 4;
<a name="line104">104: </a>  options-&gt;useglobal = <a href="../../../../../docs/manualpages/Sys/PETSC_FALSE.html#PETSC_FALSE">PETSC_FALSE</a>;
<a name="line105">105: </a>  options-&gt;dirbc     = <a href="../../../../../docs/manualpages/Sys/PETSC_TRUE.html#PETSC_TRUE">PETSC_TRUE</a>;
<a name="line106">106: </a>  options-&gt;test      = <a href="../../../../../docs/manualpages/Sys/PETSC_FALSE.html#PETSC_FALSE">PETSC_FALSE</a>;
<a name="line107">107: </a>  options-&gt;per[0]    = <a href="../../../../../docs/manualpages/Sys/PETSC_FALSE.html#PETSC_FALSE">PETSC_FALSE</a>;
<a name="line108">108: </a>  options-&gt;per[1]    = <a href="../../../../../docs/manualpages/Sys/PETSC_FALSE.html#PETSC_FALSE">PETSC_FALSE</a>;
<a name="line109">109: </a>  options-&gt;per[2]    = <a href="../../../../../docs/manualpages/Sys/PETSC_FALSE.html#PETSC_FALSE">PETSC_FALSE</a>;
<a name="line110">110: </a>  options-&gt;use_composite_pc = <a href="../../../../../docs/manualpages/Sys/PETSC_FALSE.html#PETSC_FALSE">PETSC_FALSE</a>;
<a name="line111">111: </a>  options-&gt;random_initial_guess = <a href="../../../../../docs/manualpages/Sys/PETSC_FALSE.html#PETSC_FALSE">PETSC_FALSE</a>;
<a name="line112">112: </a>  options-&gt;random_real = <a href="../../../../../docs/manualpages/Sys/PETSC_FALSE.html#PETSC_FALSE">PETSC_FALSE</a>;

<a name="line114">114: </a>  <a href="../../../../../docs/manualpages/Sys/PetscOptionsBegin.html#PetscOptionsBegin">PetscOptionsBegin</a>(comm,NULL,<font color="#666666">"Problem Options"</font>,NULL);
<a name="line115">115: </a>  pde  = options-&gt;pde;
<a name="line116">116: </a>  <a href="../../../../../docs/manualpages/Sys/PetscOptionsEList.html#PetscOptionsEList">PetscOptionsEList</a>(<font color="#666666">"-pde_type"</font>,<font color="#666666">"The PDE type"</font>,__FILE__,pdeTypes,2,pdeTypes[options-&gt;pde],&amp;pde,NULL);
<a name="line117">117: </a>  options-&gt;pde = (PDEType)pde;
<a name="line118">118: </a>  <a href="../../../../../docs/manualpages/Sys/PetscOptionsInt.html#PetscOptionsInt">PetscOptionsInt</a>(<font color="#666666">"-dim"</font>,<font color="#666666">"The topological mesh dimension"</font>,__FILE__,options-&gt;dim,&amp;options-&gt;dim,NULL);
<a name="line119">119: </a>  <a href="../../../../../docs/manualpages/Sys/PetscOptionsIntArray.html#PetscOptionsIntArray">PetscOptionsIntArray</a>(<font color="#666666">"-cells"</font>,<font color="#666666">"The mesh division"</font>,__FILE__,options-&gt;cells,(n=3,&amp;n),NULL);
<a name="line120">120: </a>  <a href="../../../../../docs/manualpages/Sys/PetscOptionsBoolArray.html#PetscOptionsBoolArray">PetscOptionsBoolArray</a>(<font color="#666666">"-periodicity"</font>,<font color="#666666">"The mesh periodicity"</font>,__FILE__,options-&gt;per,(n=3,&amp;n),NULL);
<a name="line121">121: </a>  <a href="../../../../../docs/manualpages/Sys/PetscOptionsBool.html#PetscOptionsBool">PetscOptionsBool</a>(<font color="#666666">"-use_global"</font>,<font color="#666666">"Test <a href="../../../../../docs/manualpages/Mat/MatSetValues.html#MatSetValues">MatSetValues</a>"</font>,__FILE__,options-&gt;useglobal,&amp;options-&gt;useglobal,NULL);
<a name="line122">122: </a>  <a href="../../../../../docs/manualpages/Sys/PetscOptionsBool.html#PetscOptionsBool">PetscOptionsBool</a>(<font color="#666666">"-dirichlet"</font>,<font color="#666666">"Use dirichlet BC"</font>,__FILE__,options-&gt;dirbc,&amp;options-&gt;dirbc,NULL);
<a name="line123">123: </a>  <a href="../../../../../docs/manualpages/Sys/PetscOptionsBool.html#PetscOptionsBool">PetscOptionsBool</a>(<font color="#666666">"-test_assembly"</font>,<font color="#666666">"Test <a href="../../../../../docs/manualpages/Mat/MATIS.html#MATIS">MATIS</a> assembly"</font>,__FILE__,options-&gt;test,&amp;options-&gt;test,NULL);
<a name="line124">124: </a>  <a href="../../../../../docs/manualpages/Sys/PetscOptionsBool.html#PetscOptionsBool">PetscOptionsBool</a>(<font color="#666666">"-use_composite_pc"</font>,<font color="#666666">"Multiplicative composite with BDDC + Richardson/Jacobi"</font>,__FILE__,options-&gt;use_composite_pc,&amp;options-&gt;use_composite_pc,NULL);
<a name="line125">125: </a>  <a href="../../../../../docs/manualpages/Sys/PetscOptionsBool.html#PetscOptionsBool">PetscOptionsBool</a>(<font color="#666666">"-random_initial_guess"</font>,<font color="#666666">"Solve A x = 0 with random initial guess, instead of A x = b with random b"</font>,__FILE__,options-&gt;random_initial_guess,&amp;options-&gt;random_initial_guess,NULL);
<a name="line126">126: </a>  <a href="../../../../../docs/manualpages/Sys/PetscOptionsBool.html#PetscOptionsBool">PetscOptionsBool</a>(<font color="#666666">"-random_real"</font>,<font color="#666666">"Use real-valued b (or x, if -random_initial_guess) instead of default scalar type"</font>,__FILE__,options-&gt;random_real,&amp;options-&gt;random_real,NULL);
<a name="line127">127: </a>  <a href="../../../../../docs/manualpages/Sys/PetscOptionsEnd.html#PetscOptionsEnd">PetscOptionsEnd</a>();

<a name="line129">129: </a>  <font color="#4169E1">for</font> (n=options-&gt;dim;n&lt;3;n++) options-&gt;cells[n] = 0;
<a name="line130">130: </a>  <font color="#4169E1">if</font> (options-&gt;per[0]) options-&gt;dirbc = <a href="../../../../../docs/manualpages/Sys/PETSC_FALSE.html#PETSC_FALSE">PETSC_FALSE</a>;

<a name="line132">132: </a>  <font color="#B22222">/* element matrices */</font>
<a name="line133">133: </a>  <font color="#4169E1">switch</font> (options-&gt;pde) {
<a name="line134">134: </a>  <font color="#4169E1">case</font> PDE_ELASTICITY:
<a name="line135">135: </a>    options-&gt;dof = options-&gt;dim;
<a name="line136">136: </a>    <font color="#4169E1">switch</font> (options-&gt;dim) {
<a name="line137">137: </a>    <font color="#4169E1">case</font> 1:
<a name="line138">138: </a>      options-&gt;elemMat = elast_1D_emat;
<a name="line139">139: </a>      <font color="#4169E1">break</font>;
<a name="line140">140: </a>    <font color="#4169E1">case</font> 2:
<a name="line141">141: </a>      options-&gt;elemMat = elast_2D_emat;
<a name="line142">142: </a>      <font color="#4169E1">break</font>;
<a name="line143">143: </a>    <font color="#4169E1">case</font> 3:
<a name="line144">144: </a>      options-&gt;elemMat = elast_3D_emat;
<a name="line145">145: </a>      <font color="#4169E1">break</font>;
<a name="line146">146: </a><strong><font color="#FF0000">    default:</font></strong> <a href="../../../../../docs/manualpages/Sys/SETERRQ1.html#SETERRQ1">SETERRQ1</a>(<a href="../../../../../docs/manualpages/Sys/PETSC_COMM_WORLD.html#PETSC_COMM_WORLD">PETSC_COMM_WORLD</a>,PETSC_ERR_SUP,<font color="#666666">"Unsupported dimension %D"</font>,options-&gt;dim);
<a name="line147">147: </a>    }
<a name="line148">148: </a>    <font color="#4169E1">break</font>;
<a name="line149">149: </a>  <font color="#4169E1">case</font> PDE_POISSON:
<a name="line150">150: </a>    options-&gt;dof = 1;
<a name="line151">151: </a>    <font color="#4169E1">switch</font> (options-&gt;dim) {
<a name="line152">152: </a>    <font color="#4169E1">case</font> 1:
<a name="line153">153: </a>      options-&gt;elemMat = poiss_1D_emat;
<a name="line154">154: </a>      <font color="#4169E1">break</font>;
<a name="line155">155: </a>    <font color="#4169E1">case</font> 2:
<a name="line156">156: </a>      options-&gt;elemMat = poiss_2D_emat;
<a name="line157">157: </a>      <font color="#4169E1">break</font>;
<a name="line158">158: </a>    <font color="#4169E1">case</font> 3:
<a name="line159">159: </a>      options-&gt;elemMat = poiss_3D_emat;
<a name="line160">160: </a>      <font color="#4169E1">break</font>;
<a name="line161">161: </a><strong><font color="#FF0000">    default:</font></strong> <a href="../../../../../docs/manualpages/Sys/SETERRQ1.html#SETERRQ1">SETERRQ1</a>(<a href="../../../../../docs/manualpages/Sys/PETSC_COMM_WORLD.html#PETSC_COMM_WORLD">PETSC_COMM_WORLD</a>,PETSC_ERR_SUP,<font color="#666666">"Unsupported dimension %D"</font>,options-&gt;dim);
<a name="line162">162: </a>    }
<a name="line163">163: </a>    <font color="#4169E1">break</font>;
<a name="line164">164: </a><strong><font color="#FF0000">  default:</font></strong> <a href="../../../../../docs/manualpages/Sys/SETERRQ1.html#SETERRQ1">SETERRQ1</a>(<a href="../../../../../docs/manualpages/Sys/PETSC_COMM_WORLD.html#PETSC_COMM_WORLD">PETSC_COMM_WORLD</a>,PETSC_ERR_SUP,<font color="#666666">"Unsupported PDE %D"</font>,options-&gt;pde);
<a name="line165">165: </a>  }
<a name="line166">166: </a>  <font color="#4169E1">return</font>(0);
<a name="line167">167: </a>}

<a name="line169">169: </a><strong><font color="#4169E1"><a name="main"></a>int main(int argc,char **args)</font></strong>
<a name="line170">170: </a>{
<a name="line171">171: </a>  AppCtx                 user;
<a name="line172">172: </a>  <a href="../../../../../docs/manualpages/KSP/KSP.html#KSP">KSP</a>                    ksp;
<a name="line173">173: </a>  <a href="../../../../../docs/manualpages/PC/PC.html#PC">PC</a>                     pc;
<a name="line174">174: </a>  <a href="../../../../../docs/manualpages/Mat/Mat.html#Mat">Mat</a>                    A;
<a name="line175">175: </a>  <a href="../../../../../docs/manualpages/DM/DM.html#DM">DM</a>                     da;
<a name="line176">176: </a>  <a href="../../../../../docs/manualpages/Vec/Vec.html#Vec">Vec</a>                    x,b,xcoor,xcoorl;
<a name="line177">177: </a>  <a href="../../../../../docs/manualpages/IS/IS.html#IS">IS</a>                     zero;
<a name="line178">178: </a>  <a href="../../../../../docs/manualpages/IS/ISLocalToGlobalMapping.html#ISLocalToGlobalMapping">ISLocalToGlobalMapping</a> map;
<a name="line179">179: </a>  <a href="../../../../../docs/manualpages/Mat/MatNullSpace.html#MatNullSpace">MatNullSpace</a>           nullsp = NULL;
<a name="line180">180: </a>  <a href="../../../../../docs/manualpages/Sys/PetscInt.html#PetscInt">PetscInt</a>               i;
<a name="line181">181: </a>  <a href="../../../../../docs/manualpages/Sys/PetscInt.html#PetscInt">PetscInt</a>               nel,nen;        <font color="#B22222">/* Number of elements &amp; element nodes */</font>
<a name="line182">182: </a>  const <a href="../../../../../docs/manualpages/Sys/PetscInt.html#PetscInt">PetscInt</a>         *e_loc;         <font color="#B22222">/* Local indices of element nodes (in local element order) */</font>
<a name="line183">183: </a>  <a href="../../../../../docs/manualpages/Sys/PetscInt.html#PetscInt">PetscInt</a>               *e_glo = NULL;  <font color="#B22222">/* Global indices of element nodes (in local element order) */</font>
<a name="line184">184: </a>  <a href="../../../../../docs/manualpages/Sys/PetscInt.html#PetscInt">PetscInt</a>               nodes[3];
<a name="line185">185: </a>  <a href="../../../../../docs/manualpages/Sys/PetscBool.html#PetscBool">PetscBool</a>              ismatis;
<a name="line186">186: </a><font color="#A020F0">#if defined(PETSC_USE_LOG)</font>
<a name="line187">187: </a>  <a href="../../../../../docs/manualpages/Profiling/PetscLogStage.html#PetscLogStage">PetscLogStage</a>          stages[2];
<a name="line188">188: </a><font color="#A020F0">#endif</font>
<a name="line189">189: </a>  <a href="../../../../../docs/manualpages/Sys/PetscErrorCode.html#PetscErrorCode">PetscErrorCode</a>         ierr;

<a name="line191">191: </a>  <a href="../../../../../docs/manualpages/Sys/PetscInitialize.html#PetscInitialize">PetscInitialize</a>(&amp;argc,&amp;args,(char*)0,help);<font color="#4169E1">if</font> (ierr) <font color="#4169E1">return</font> ierr;
<a name="line192">192: </a>  ProcessOptions(<a href="../../../../../docs/manualpages/Sys/PETSC_COMM_WORLD.html#PETSC_COMM_WORLD">PETSC_COMM_WORLD</a>,&amp;user);
<a name="line193">193: </a>  <font color="#4169E1">for</font> (i=0; i&lt;3; i++) nodes[i] = user.cells[i] + !user.per[i];
<a name="line194">194: </a>  <font color="#4169E1">switch</font> (user.dim) {
<a name="line195">195: </a>  <font color="#4169E1">case</font> 3:
<a name="line196">196: </a>    <a href="../../../../../docs/manualpages/DMDA/DMDACreate3d.html#DMDACreate3d">DMDACreate3d</a>(<a href="../../../../../docs/manualpages/Sys/PETSC_COMM_WORLD.html#PETSC_COMM_WORLD">PETSC_COMM_WORLD</a>,user.per[0] ? <a href="../../../../../docs/manualpages/DM/DMBoundaryType.html#DMBoundaryType">DM_BOUNDARY_PERIODIC</a> : <a href="../../../../../docs/manualpages/DM/DMBoundaryType.html#DMBoundaryType">DM_BOUNDARY_NONE</a>,
<a name="line197">197: </a>                                         user.per[1] ? <a href="../../../../../docs/manualpages/DM/DMBoundaryType.html#DMBoundaryType">DM_BOUNDARY_PERIODIC</a> : <a href="../../../../../docs/manualpages/DM/DMBoundaryType.html#DMBoundaryType">DM_BOUNDARY_NONE</a>,
<a name="line198">198: </a>                                         user.per[2] ? <a href="../../../../../docs/manualpages/DM/DMBoundaryType.html#DMBoundaryType">DM_BOUNDARY_PERIODIC</a> : <a href="../../../../../docs/manualpages/DM/DMBoundaryType.html#DMBoundaryType">DM_BOUNDARY_NONE</a>,
<a name="line199">199: </a>                                         <a href="../../../../../docs/manualpages/DMDA/DMDAStencilType.html#DMDAStencilType">DMDA_STENCIL_BOX</a>,nodes[0],nodes[1],nodes[2],
<a name="line200">200: </a>                                         <a href="../../../../../docs/manualpages/Sys/PETSC_DECIDE.html#PETSC_DECIDE">PETSC_DECIDE</a>,<a href="../../../../../docs/manualpages/Sys/PETSC_DECIDE.html#PETSC_DECIDE">PETSC_DECIDE</a>,<a href="../../../../../docs/manualpages/Sys/PETSC_DECIDE.html#PETSC_DECIDE">PETSC_DECIDE</a>,user.dof,
<a name="line201">201: </a>                                         1,PETSC_NULL,PETSC_NULL,PETSC_NULL,&amp;da);
<a name="line202">202: </a>    <font color="#4169E1">break</font>;
<a name="line203">203: </a>  <font color="#4169E1">case</font> 2:
<a name="line204">204: </a>    <a href="../../../../../docs/manualpages/DMDA/DMDACreate2d.html#DMDACreate2d">DMDACreate2d</a>(<a href="../../../../../docs/manualpages/Sys/PETSC_COMM_WORLD.html#PETSC_COMM_WORLD">PETSC_COMM_WORLD</a>,user.per[0] ? <a href="../../../../../docs/manualpages/DM/DMBoundaryType.html#DMBoundaryType">DM_BOUNDARY_PERIODIC</a> : <a href="../../../../../docs/manualpages/DM/DMBoundaryType.html#DMBoundaryType">DM_BOUNDARY_NONE</a>,
<a name="line205">205: </a>                                         user.per[1] ? <a href="../../../../../docs/manualpages/DM/DMBoundaryType.html#DMBoundaryType">DM_BOUNDARY_PERIODIC</a> : <a href="../../../../../docs/manualpages/DM/DMBoundaryType.html#DMBoundaryType">DM_BOUNDARY_NONE</a>,
<a name="line206">206: </a>                                         <a href="../../../../../docs/manualpages/DMDA/DMDAStencilType.html#DMDAStencilType">DMDA_STENCIL_BOX</a>,nodes[0],nodes[1],
<a name="line207">207: </a>                                         <a href="../../../../../docs/manualpages/Sys/PETSC_DECIDE.html#PETSC_DECIDE">PETSC_DECIDE</a>,<a href="../../../../../docs/manualpages/Sys/PETSC_DECIDE.html#PETSC_DECIDE">PETSC_DECIDE</a>,user.dof,
<a name="line208">208: </a>                                         1,PETSC_NULL,PETSC_NULL,&amp;da);
<a name="line209">209: </a>    <font color="#4169E1">break</font>;
<a name="line210">210: </a>  <font color="#4169E1">case</font> 1:
